500
865
888
351
958
954
189
612
263
160
982
887
515
53
300
174
664
740
260
663
682
741
423
831
700
560
961
599
750
134
430
712
940
989
252
486
886
387
581
185
14
131
971
22
703
711
671
617
277
927
644
746
64
28
344
748
803
4
726
880
929
314
998
209
773
370
932
25
301
303
894
643
192
57
702
705
678
358
848
401
174
79
480
914
893
480
367
470
996
273
382
599
659
243
960
836
395
414
75
273
106
141
456
595
94
796
326
875
581
192
464
505
509
591
460
316
913
427
693
27
599
324
661
640
28
421
786
787
950
754
558
77
438
925
344
139
781
26
907
907
26
844
886
653
518
177
742
57
513
431
141
520
927
196
528
583
184
588
182
843
176
114
1
154
291
607
132
179
279
145
698
707
516
723
105
718
157
549
107
603
210
901
575
379
389
13
148
862
16
286
859
11
138
926
326
310
22
675
280
140
216
686
902
883
294
414
662
213
994
622
766
228
213
324
477
283
747
690
929
114
250
201
763
443
172
293
606
726
229
979
726
831
464
261
123
59
62
964
780
908
651
50
255
627
439
947
369
671
656
105
751
505
402
769
173
348
872
502
558
350
528
287
947
471
974
790
365
241
166
578
560
253
946
589
776
633
664
296
605
299
259
91
517
849
18
118
326
661
151
118
892
216
527
201
571
457
209
28
382
545
424
940
989
46
492
871
864
809
597
661
94
847
555
249
557
508
267
135
613
472
514
446
718
341
812
757
833
977
475
449
677
624
825
267
905
345
26
720
180
484
719
442
203
54
875
832
47
975
497
987
684
242
49
863
169
484
114
646
248
712
655
540
541
837
981
900
107
358
4
262
443
769
887
774
2
630
226
848
528
183
686
651
168
100
716
332
275
84
603
872
837
262
658
802
55
734
296
286
811
976
896
543
559
612
987
931
993
986
777
197
775
297
34
881
513
549
730
218
488
250
456
350
437
804
702
188
163
981
567
980
536
559
891
694
991
162
821
475
914
794
82
291
772
302
406
44
951
51
266
850
593
462
399
851
981
241
879
215
171
206
528
709
573
145
649
431
833
534
375
756
717
315
375
178
573
398
745
784
667
674
377
660
28
466
403
125
592
78
497
649
906
661
51
847
962
441
484
428
410
689
208